smoker,bmi,charges
0.21032749900931957,0.6420830690790739,0.782934088136069
0.1985511298909326,0.8366021710214089,0.10648349964875548
0.48332040706258683,0.9952483384469164,0.14968083148480393
0.35147167886478436,0.4604699910851138,0.7815310186093494
0.6257992357991903,0.34903332019573574,0.5708524565798099
0.17890774124061815,0.5796389925885653,0.5697045849107274
0.47640581526446324,0.6008367258993078,0.36485851825083426
0.290304959475411,0.30784827577279295,0.6542242870454511
0.7096240088887037,0.09907778389901589,0.8196804224832173
0.14776213293686613,0.12474842033149491,0.48710765188217364
0.2450542275931037,0.16861050015188483,0.8707892726895408
0.5607978324830263,0.014295950944962055,0.20198358572536756
0.4901566703232749,0.37600331212383775,0.3508992965193358
0.6776399428865828,0.28955475752165827,0.5516582678708831
0.6958507294196021,0.9236469573583013,0.2951414710038852
0.007077810092186554,0.22818232731691845,0.9181903907156759
0.4369227550546353,0.910118647002851,0.15806617398834344
0.18477377207171797,0.885580392330247,0.2017458792371627
0.9775456268005106,0.7931128975299494,0.8377294338049621
0.5246508044166002,0.18328528502775654,0.9427167754403347
